451 160
452 167
451 172
452 177
451 182
451 188
451 194
451 199
451 205
451 210
451 217
450 223
451 230
450 236
449 242
449 248
447 254
446 260
445 264
444 269
444 276
444 281
443 288
442 294
442 298
442 302
446 308
507 271
488 260
468 250
448 236
430 222
409 227
396 234
354 240
335 246
312 252
288 257
264 263
241 269
222 274
210 281
166 283
149 287
125 293
103 298
80 303
58 307
39 313
26 320
451 160
452 167
451 172
452 177
451 182
451 188
451 194
451 199
451 205
451 210
451 217
450 223
451 230
450 236
449 242
449 248
447 254
446 260
445 264
444 269
444 276
444 281
443 288
442 294
442 298
442 302
446 308
507 271
488 260
468 250
448 236
430 222
409 227
396 234
354 240
335 246
312 252
288 257
264 263
241 269
222 274
210 281
166 283
149 287
125 293
103 298
80 303
58 307
39 313
26 320
451 160
452 167
451 172
452 177
451 182
451 188
451 194
451 199
451 205
451 210
451 217
450 223
451 230
450 236
449 242
449 248
447 254
446 260
445 264
444 269
444 276
444 281
443 288
442 294
442 298
442 302
446 308
507 271
488 260
468 250
448 236
430 222
409 227
396 234
354 240
335 246
312 252
288 257
264 263
241 269
222 274
210 281
166 283
149 287
125 293
103 298
80 303
58 307
39 313
26 320
451 160
452 167
451 172
452 177
451 182
451 188
451 194
451 199
451 205
451 210
451 217
450 223
451 230
450 236
449 242
449 248
447 254
446 260
445 264
444 269
444 276
444 281
443 288
442 294
442 298
442 302
446 308
507 271
488 260
468 250
448 236
430 222
409 227
396 234
354 240
335 246
312 252
288 257
264 263
241 269
222 274
210 281
166 283
149 287
125 293
103 298
80 303
58 307
39 313
26 320
451 160
452 167
451 172
452 177
451 182
451 188
451 194
451 199
451 205
451 210
451 217
450 223
451 230
450 236
449 242
449 248
447 254
446 260
445 264
444 269
444 276
444 281
443 288
442 294
442 298
442 302
446 308
507 271
488 260
468 250
448 236
430 222
409 227
396 234
354 240
335 246
312 252
288 257
264 263
241 269
222 274
210 281
166 283
149 287
125 293
103 298
80 303
58 307
39 313
26 320
451 160
452 167
451 172
452 177
451 182
451 188
451 194
451 199
451 205
451 210
451 217
450 223
451 230
450 236
449 242
449 248
447 254
446 260
445 264
444 269
444 276
444 281
443 288
442 294
442 298
442 302
446 308
507 271
488 260
468 250
448 236
430 222
409 227
396 234
354 240
335 246
312 252
288 257
264 263
241 269
222 274
210 281
166 283
149 287
125 293
103 298
80 303
58 307
39 313
26 320
451 160
452 167
451 172
452 177
451 182
451 188
451 194
451 199
451 205
451 210
451 217
450 223
451 230
450 236
449 242
449 248
447 254
446 260
445 264
444 269
444 276
444 281
443 288
442 294
442 298
442 302
446 308
507 271
488 260
468 250
448 236
430 222
409 227
396 234
354 240
335 246
312 252
288 257
264 263
241 269
222 274
210 281
166 283
149 287
125 293
103 298
80 303
58 307
39 313
26 320
451 160
452 167
451 172
452 177
451 182
451 188
451 194
451 199
451 205
451 210
451 217
450 223
451 230
450 236
449 242
449 248
447 254
446 260
445 264
444 269
444 276
444 281
443 288
442 294
442 298
442 302
446 308
507 271
488 260
468 250
448 236
430 222
409 227
396 234
354 240
335 246
312 252
288 257
264 263
241 269
222 274
210 281
166 283
149 287
125 293
103 298
80 303
58 307
39 313
26 320
451 160
452 167
451 172
452 177
451 182
451 188
451 194
451 199
451 205
451 210
451 217
450 223
451 230
450 236
449 242
449 248
447 254
446 260
445 264
444 269
444 276
444 281
443 288
442 294
442 298
442 302
446 308
507 271
488 260
468 250
448 236
430 222
409 227
396 234
354 240
335 246
312 252
288 257
264 263
241 269
222 274
210 281
166 283
149 287
125 293
103 298
80 303
58 307
39 313
26 320
